站点代码,数据时间,气温,气压,相对湿度,风向,风速,降雨量,能见度
58015,20230405121417,16.5,1003.6,97,353,5.7,0.9,10463.9
58102,20230405121417,10.1,1020.8,43,268,10.3,1.0,10099.3
58118,20230405121417,18.0,1002.5,78,127,5.6,0.8,10490.0
58122,20230405121417,28.1,1007.4,47,158,5.0,1.4,10487.1
58203,20230405121417,0.2,1009.5,34,13,6.1,1.3,10320.5
58215,20230405121417,17.7,1025.0,20,303,1.3,0.2,10346.4
58221,20230405121417,28.0,1009.9,74,325,2.9,0.2,10472.6
58225,20230405121417,1.1,1005.7,44,130,4.9,0.5,10258.3
58236,20230405121417,22.8,1019.3,64,238,6.3,0.0,10040.2
58311,20230405121417,3.0,1018.2,2,18,6.7,0.4,10279.3
58314,20230405121417,10.3,1019.8,66,212,8.2,1.4,10286.9
58319,20230405121417,19.6,1010.1,55,0,0.5,1.0,10306.8
58321,20230405121417,0.0,1005.4,72,236,1.5,1.0,10417.9
58326,20230405121417,26.8,1005.3,50,307,11.0,1.4,10066.7
58336,20230405121417,29.0,1021.9,40,33,1.3,0.4,10331.8
58338,20230405121417,3.3,1007.0,67,93,3.8,0.5,10000.4
58414,20230405121417,28.0,1012.3,49,90,6.4,0.3,10246.3
58419,20230405121417,25.6,1002.7,85,300,9.0,1.3,10370.0
58424,20230405121417,24.4,1019.0,26,93,6.1,1.2,10047.8
58429,20230405121417,34.8,1012.7,16,274,1.7,0.1,10330.5
58436,20230405121417,13.6,1024.4,5,271,2.7,1.2,10320.0
58437,20230405121417,26.9,1015.0,12,253,8.3,1.5,10232.6
58520,20230405121417,22.7,1002.5,54,118,6.5,1.4,10170.8
58531,20230405121417,18.7,1014.1,10,275,6.8,1.2,10012.7
54406,20230405121417,2.7,1004.8,21,253,11.4,0.8,10011.4
54416,20230405121417,15.4,1023.6,50,286,5.6,1.2,10183.5
54511,20230405121417,1.6,1005.9,46,215,3.9,0.6,10174.6
58725,20230405121417,19.2,1017.0,6,155,2.8,0.2,10400.9
58730,20230405121417,17.5,1021.8,24,38,10.1,0.7,10257.6
58731,20230405121417,16.7,1003.1,81,139,10.2,0.6,10117.3
58734,20230405121417,7.5,1008.9,58,170,5.4,0.2,10178.9
58737,20230405121417,12.1,1016.4,60,332,3.6,0.0,10079.3
58744,20230405121417,1.4,1013.4,30,106,2.7,0.0,10394.0
58754,20230405121417,6.6,1020.7,90,88,1.8,1.3,10306.2
58818,20230405121417,20.3,1023.8,6,204,10.0,0.2,10174.2
58820,20230405121417,17.9,1013.8,53,201,2.4,1.5,10172.7
58834,20230405121417,5.2,1021.4,41,10,6.3,0.9,10131.7
58837,20230405121417,14.0,1020.8,54,233,2.0,0.2,10014.4
58843,20230405121417,23.2,1004.1,82,354,6.9,0.2,10036.6
58846,20230405121417,4.7,1018.7,85,37,12.2,0.4,10465.2
58847,20230405121417,3.9,1005.4,33,100,3.0,0.9,10491.1
58911,20230405121417,33.2,1022.9,91,319,6.8,0.0,10454.0
58918,20230405121417,8.9,1006.0,87,283,10.8,0.7,10214.6
58921,20230405121417,15.2,1010.5,48,271,10.7,0.0,10088.2
58926,20230405121417,8.5,1021.8,9,97,2.0,0.8,10395.7
58927,20230405121417,4.7,1023.2,84,46,6.2,0.5,10257.0
58931,20230405121417,10.1,1006.1,51,44,11.4,0.8,10355.6
58933,20230405121417,18.6,1011.2,6,264,11.2,0.1,10330.5
58936,20230405121417,25.9,1015.2,38,162,5.7,0.1,10337.7
58944,20230405121417,27.8,1025.9,21,0,5.7,1.1,10083.5
59113,20230405121417,10.7,1020.5,65,143,10.2,1.0,10033.1
59126,20230405121417,6.1,1001.1,88,40,11.3,0.1,10285.9
59133,20230405121417,19.3,1001.0,54,38,8.9,0.6,10314.7
59134,20230405121417,20.0,1011.7,84,126,12.6,0.3,10126.0
59321,20230405121417,22.8,1021.3,85,234,9.0,0.0,10461.9
52323,20230405121417,0.0,1020.1,38,250,7.2,0.0,10487.6
52418,20230405121417,17.7,1003.4,1,334,7.1,1.3,10437.5
52424,20230405121417,16.6,1001.5,17,239,8.4,0.7,10182.6
52436,20230405121417,32.1,1017.1,44,206,1.4,0.7,10308.3
52446,20230405121417,2.4,1013.0,59,139,9.6,1.5,10238.9
52447,20230405121417,21.8,1011.3,18,188,9.3,1.3,10106.1
52533,20230405121417,21.0,1009.9,92,107,12.1,0.4,10080.3
52546,20230405121417,24.7,1005.9,76,17,11.6,0.2,10099.1
52652,20230405121417,16.7,1018.2,65,189,7.7,0.2,10228.3
52661,20230405121417,7.0,1009.6,4,259,4.4,0.8,10194.4
52674,20230405121417,19.2,1017.1,35,158,11.5,1.0,10294.5
52679,20230405121417,10.7,1014.6,76,291,4.7,1.0,10302.0
52681,20230405121417,14.0,1002.0,25,38,1.7,0.4,10110.1
52787,20230405121417,31.2,1004.2,33,155,3.5,0.3,10477.9
52797,20230405121417,34.9,1022.7,34,81,9.8,0.0,10216.2
52884,20230405121417,12.1,1004.6,17,291,3.2,1.1,10431.8
52895,20230405121417,29.8,1020.3,56,25,6.3,1.5,10054.7
52983,20230405121417,4.7,1010.2,87,69,8.1,0.7,10024.5
52984,20230405121417,20.3,1024.1,31,127,1.6,0.4,10058.9
52986,20230405121417,11.1,1014.9,100,222,3.2,1.5,10446.1
52996,20230405121417,2.0,1009.8,81,255,10.1,0.3,10377.0
53821,20230405121417,0.8,1004.6,40,207,13.5,1.0,10324.4
53915,20230405121417,33.3,1020.2,86,174,10.3,0.3,10128.3
53923,20230405121417,23.0,1025.1,55,16,1.7,0.5,10372.4
56074,20230405121417,10.7,1007.6,4,127,3.1,1.5,10453.2
56080,20230405121417,16.3,1009.7,8,79,8.8,0.7,10232.7
56093,20230405121417,24.4,1004.0,80,71,7.2,0.8,10299.7
56096,20230405121417,22.4,1012.1,12,167,1.3,0.1,10138.0
57014,20230405121417,0.1,1014.0,54,64,9.1,0.4,10440.3
57996,20230405121417,12.3,1022.7,67,338,1.4,1.4,10210.7
59072,20230405121417,21.8,1014.0,61,100,10.2,1.1,10173.6
59082,20230405121417,31.5,1007.5,2,213,13.6,1.2,10352.7
59087,20230405121417,30.3,1003.4,36,96,5.2,0.0,10286.0
59088,20230405121417,25.4,1014.7,24,258,13.9,1.4,10023.1
59096,20230405121417,22.3,1003.8,91,90,9.5,1.4,10494.6
59097,20230405121417,19.4,1003.6,68,183,4.6,1.2,10082.5
59107,20230405121417,25.2,1018.3,78,196,1.4,0.4,10158.8
59116,20230405121417,9.6,1004.8,45,322,0.0,0.3,10314.9
59117,20230405121417,17.6,1017.6,62,66,12.9,0.7,10085.4
59271,20230405121417,18.3,1019.3,53,53,14.6,0.7,10158.6
59278,20230405121417,16.5,1014.9,74,28,12.2,0.2,10362.3
59280,20230405121417,9.6,1021.1,89,165,12.1,0.0,10260.6
59287,20230405121417,5.5,1008.2,53,312,11.3,0.5,10297.5
59289,20230405121417,28.0,1012.1,21,121,12.1,0.4,10360.7
59293,20230405121417,27.3,1019.8,44,121,3.2,0.4,10034.7
59294,20230405121417,22.8,1009.7,7,126,13.9,1.0,10133.9
59298,20230405121417,15.2,1021.2,24,134,13.1,1.5,10166.2
59303,20230405121417,26.8,1021.0,10,231,0.6,0.9,10354.2
59304,20230405121417,31.7,1021.0,61,176,5.0,1.1,10048.7
59306,20230405121417,0.0,1012.9,51,154,4.6,0.4,10251.5
59310,20230405121417,25.8,1011.1,96,220,13.0,1.4,10426.6
59316,20230405121417,6.9,1005.3,33,317,3.5,0.2,10395.7
59317,20230405121417,13.5,1023.0,15,2,3.3,1.4,10456.2
59324,20230405121417,2.7,1000.1,80,0,0.5,0.2,10461.8
59456,20230405121417,13.7,1017.3,7,251,13.9,0.6,10124.9
59462,20230405121417,4.5,1022.7,78,184,1.8,1.0,10329.5
59478,20230405121417,2.9,1009.1,92,237,13.3,0.9,10463.7
59485,20230405121417,11.2,1016.8,91,122,11.4,0.5,10399.9
59488,20230405121417,24.1,1009.8,42,178,9.2,1.5,10457.0
59493,20230405121417,17.2,1017.1,66,155,2.4,0.6,10343.5
59501,20230405121417,24.0,1007.6,82,215,1.2,1.2,10257.6
59658,20230405121417,3.6,1001.8,65,4,1.6,0.6,10106.0
59663,20230405121417,34.8,1015.7,46,47,3.1,0.6,10101.1
59664,20230405121417,10.2,1016.5,7,308,8.9,1.1,10390.1
59673,20230405121417,15.0,1001.1,56,57,12.4,0.4,10443.4
59754,20230405121417,6.6,1023.3,50,147,14.8,0.1,10058.6
57947,20230405121417,33.0,1020.6,23,280,9.8,1.5,10127.8
57957,20230405121417,8.8,1003.0,93,206,14.2,0.6,10078.2
57958,20230405121417,18.1,1008.7,79,178,9.0,0.5,10214.6
59021,20230405121417,8.5,1015.7,13,5,3.7,0.1,10136.1
59023,20230405121417,7.7,1009.6,45,252,9.9,1.4,10010.9
59027,20230405121417,8.0,1004.2,12,169,4.4,0.3,10355.2
59037,20230405121417,32.5,1009.4,51,282,2.8,0.5,10274.3
59046,20230405121417,25.4,1026.1,29,166,3.8,0.4,10329.2
59058,20230405121417,11.5,1005.8,85,65,3.1,0.4,10175.8
59065,20230405121417,18.8,1007.3,75,259,13.7,0.5,10159.9
59209,20230405121417,4.6,1003.4,49,262,9.5,0.6,10176.5
59211,20230405121417,27.6,1002.1,17,15,4.8,0.4,10412.3
59218,20230405121417,32.1,1007.6,74,266,9.1,0.6,10428.6
59228,20230405121417,23.7,1024.8,53,236,3.9,1.0,10404.9
59242,20230405121417,2.4,1021.7,49,222,5.3,0.0,10322.0
59254,20230405121417,26.3,1010.7,81,195,8.0,0.8,10152.7
59265,20230405121417,32.9,1001.6,52,147,12.9,0.1,10406.2
59417,20230405121417,27.9,1011.5,69,327,12.5,0.8,10475.9
59431,20230405121417,14.1,1021.4,45,355,11.3,0.8,10331.6
59446,20230405121417,6.5,1006.3,42,328,4.0,0.1,10442.6
59453,20230405121417,24.7,1017.7,66,323,11.0,1.2,10456.6
59626,20230405121417,27.7,1002.3,8,295,8.0,0.3,10116.6
59631,20230405121417,28.4,1009.4,71,92,5.0,1.4,10454.0
59632,20230405121417,21.7,1018.6,77,21,10.4,1.3,10302.0
59644,20230405121417,26.2,1008.0,97,338,11.0,0.5,10312.1
59647,20230405121417,4.4,1014.3,96,346,7.3,0.6,10477.5
56691,20230405121417,32.8,1023.6,49,322,13.3,0.2,10099.7
56693,20230405121417,0.6,1009.2,7,197,9.8,0.6,10074.7
56792,20230405121417,10.4,1003.7,33,240,9.4,0.0,10261.9
56793,20230405121417,0.1,1003.2,45,161,12.2,0.3,10119.1
57606,20230405121417,4.8,1025.9,82,131,7.5,1.3,10034.0
57614,20230405121417,24.4,1016.4,53,332,13.8,0.2,10227.3
57625,20230405121417,22.1,1004.4,24,280,14.8,1.1,10316.7
57647,20230405121417,12.4,1000.3,64,161,13.0,1.1,10138.8
57707,20230405121417,23.7,1002.3,35,49,4.2,0.3,10293.2
57710,20230405121417,30.1,1021.3,19,228,14.9,0.6,10255.6
57712,20230405121417,31.2,1003.7,14,344,12.7,0.5,10058.4
57718,20230405121417,1.4,1024.4,10,300,8.4,0.4,10363.4
57722,20230405121417,24.1,1007.3,61,136,13.4,1.4,10200.4
57729,20230405121417,4.4,1012.6,20,226,10.9,0.9,10033.2
57731,20230405121417,15.2,1010.2,48,329,9.4,0.9,10336.5
57741,20230405121417,31.2,1002.2,43,39,4.8,0.4,10442.6
57803,20230405121417,12.4,1021.0,46,257,6.6,0.2,10359.8
57805,20230405121417,6.8,1007.2,33,76,11.6,0.3,10149.1
57806,20230405121417,24.9,1021.7,51,356,0.4,1.3,10102.8
57816,20230405121417,2.8,1014.7,64,214,6.4,0.1,10200.6
57825,20230405121417,10.4,1001.6,98,246,4.4,0.2,10411.5
57827,20230405121417,0.2,1014.7,10,340,0.5,0.5,10167.4
57832,20230405121417,23.5,1004.3,12,338,14.3,1.3,10183.3
57839,20230405121417,4.2,1006.3,25,230,12.5,0.3,10295.0
57840,20230405121417,9.2,1007.5,3,257,10.8,0.3,10205.7
57902,20230405121417,26.0,1001.9,99,134,9.8,0.8,10204.6
57906,20230405121417,12.4,1006.5,16,6,5.4,1.0,10445.0
57907,20230405121417,3.2,1002.7,65,36,5.5,0.4,10484.6
57910,20230405121417,24.7,1002.3,25,346,2.5,0.2,10213.0
57912,20230405121417,29.3,1014.3,39,120,2.4,0.9,10283.7
57916,20230405121417,11.3,1017.9,82,38,0.4,1.2,10119.1
57922,20230405121417,34.1,1001.4,34,119,11.6,1.3,10434.5
57926,20230405121417,18.1,1022.0,8,238,12.0,0.7,10102.5
57932,20230405121417,11.9,1013.1,21,142,13.9,1.4,10332.8
59758,20230405121417,23.3,1003.2,30,210,14.6,0.6,10294.6
59838,20230405121417,17.6,1001.3,77,155,8.2,0.2,10165.5
59845,20230405121417,12.8,1022.1,36,136,0.3,0.6,10245.9
59849,20230405121417,1.2,1013.7,72,50,13.8,0.3,10370.1
59855,20230405121417,7.5,1026.1,80,65,9.9,1.2,10244.2
59948,20230405121417,9.5,1019.5,8,80,12.8,0.0,10491.0
59954,20230405121417,0.5,1020.6,44,356,5.9,0.6,10017.7
59981,20230405121417,11.1,1003.7,80,238,4.9,1.0,10113.2
53399,20230405121417,25.9,1018.8,67,269,14.4,0.1,10269.6
53593,20230405121417,7.6,1026.1,55,1,7.8,0.6,10270.4
53698,20230405121417,18.4,1009.3,10,162,9.4,0.4,10053.9
53798,20230405121417,13.9,1022.7,83,268,0.4,1.3,10056.7
54308,20230405121417,34.1,1000.8,69,23,5.8,1.4,10156.1
54311,20230405121417,12.6,1019.1,80,130,8.9,0.6,10428.9
54401,20230405121417,16.2,1016.6,86,67,14.4,1.0,10450.8
54405,20230405121417,15.8,1017.1,92,187,3.3,1.3,10048.3
54423,20230405121417,15.5,1019.7,76,143,5.0,0.7,10143.2
54429,20230405121417,26.5,1016.1,52,274,11.4,1.4,10356.7
54436,20230405121417,34.8,1007.1,61,184,11.4,1.3,10419.4
54449,20230405121417,4.6,1012.8,5,60,4.4,0.3,10255.8
54518,20230405121417,0.3,1012.5,17,48,5.7,1.1,10472.5
54534,20230405121417,13.6,1023.0,51,21,2.1,0.1,10344.0
54535,20230405121417,29.5,1017.5,4,301,5.2,1.1,10198.6
54539,20230405121417,4.3,1025.0,21,207,5.4,0.8,10199.6
54602,20230405121417,6.8,1021.1,80,78,9.4,0.3,10264.4
54606,20230405121417,13.7,1022.7,63,93,13.2,0.4,10227.1
54618,20230405121417,19.6,1015.7,22,123,5.2,1.3,10266.6
54624,20230405121417,10.2,1012.0,55,45,0.1,1.4,10431.8
54705,20230405121417,32.9,1017.1,84,287,2.4,1.1,10391.2
53898,20230405121417,10.3,1018.9,37,142,10.7,1.0,10354.8
53986,20230405121417,33.5,1001.9,75,325,3.1,1.5,10065.0
57051,20230405121417,26.8,1003.4,77,224,6.5,0.6,10449.9
57067,20230405121417,21.4,1025.9,74,255,1.2,0.9,10102.8
57071,20230405121417,0.0,1007.1,21,237,9.0,0.1,10292.7
57077,20230405121417,17.0,1019.7,71,189,2.2,0.4,10320.3
57083,20230405121417,28.2,1002.2,27,181,6.6,0.2,10309.8
57084,20230405121417,31.2,1007.2,8,211,4.6,0.5,10118.1
57089,20230405121417,24.2,1006.2,62,168,12.0,1.3,10336.1
57091,20230405121417,27.0,1007.5,89,340,10.0,0.7,10004.6
57156,20230405121417,0.2,1020.5,36,129,14.7,1.3,10364.8
57178,20230405121417,30.5,1021.7,62,149,10.4,0.0,10203.3
57181,20230405121417,7.6,1010.6,32,64,9.5,0.4,10230.3
57193,20230405121417,14.0,1006.3,71,58,12.0,0.7,10258.0
57285,20230405121417,19.6,1025.7,40,214,12.7,0.2,10247.8
57290,20230405121417,24.3,1021.4,100,233,5.8,0.4,10472.1
57297,20230405121417,8.6,1020.5,48,117,13.4,0.3,10152.4
58005,20230405121417,7.0,1015.2,48,227,0.5,0.5,10428.8
58111,20230405121417,18.4,1014.0,68,180,0.2,1.0,10277.7
58208,20230405121417,28.3,1001.4,24,157,2.5,1.0,10168.4
50136,20230405121417,32.7,1009.4,97,80,11.4,0.4,10349.6
50246,20230405121417,8.3,1020.9,5,170,5.6,0.3,10069.8
50247,20230405121417,1.7,1025.5,7,82,10.3,0.5,10164.8
50349,20230405121417,6.6,1017.3,90,347,11.9,1.2,10031.3
50353,20230405121417,1.3,1011.4,99,151,11.8,1.1,10143.0
50442,20230405121417,15.6,1014.3,55,203,7.2,1.0,10374.6
50468,20230405121417,3.3,1023.1,95,212,3.3,0.4,10000.0
50557,20230405121417,26.8,1006.4,30,234,1.4,1.4,10018.6
50564,20230405121417,22.0,1007.6,31,321,11.5,0.4,10434.6
50656,20230405121417,2.8,1014.2,98,173,7.0,0.7,10481.4
50658,20230405121417,1.1,1006.6,75,225,2.4,0.8,10086.7
50674,20230405121417,25.0,1024.5,57,238,0.4,0.9,10145.7
50739,20230405121417,21.1,1000.3,78,114,8.4,0.3,10090.7
50742,20230405121417,24.6,1000.3,2,290,11.5,1.4,10257.5
50745,20230405121417,22.6,1024.3,72,282,6.6,0.5,10175.0
50756,20230405121417,31.9,1000.0,82,191,9.5,1.3,10122.8
50758,20230405121417,11.2,1017.4,46,80,12.9,0.3,10024.1
50774,20230405121417,14.8,1019.0,16,68,12.0,0.4,10369.8
50778,20230405121417,31.1,1003.3,74,76,2.3,1.2,10495.5
50788,20230405121417,13.1,1024.4,71,313,6.6,0.3,10296.5
50844,20230405121417,2.6,1015.0,39,12,1.6,1.1,10036.7
50853,20230405121417,7.0,1025.3,65,171,9.1,1.5,10463.2
50854,20230405121417,1.6,1002.7,42,289,11.5,1.0,10339.2
50862,20230405121417,24.0,1013.8,37,9,5.9,0.6,10383.2
50873,20230405121417,15.8,1011.6,99,308,0.1,0.0,10377.6
50877,20230405121417,25.2,1015.4,38,266,13.2,1.3,10122.7
50888,20230405121417,27.5,1013.0,10,67,2.7,0.3,10123.5
50950,20230405121417,0.8,1013.4,15,32,3.4,1.4,10192.5
50953,20230405121417,24.9,1014.3,76,270,6.9,0.6,10279.5
50955,20230405121417,13.7,1005.4,12,333,14.0,0.8,10412.1
50963,20230405121417,5.5,1005.9,38,60,13.6,1.1,10260.8
50968,20230405121417,32.6,1017.7,77,350,7.3,1.4,10288.2
50973,20230405121417,0.0,1010.2,57,13,10.2,0.4,10028.7
50978,20230405121417,20.5,1003.5,35,187,7.6,0.9,10202.0
50983,20230405121417,19.0,1003.3,100,272,0.2,1.3,10282.3
54094,20230405121417,6.9,1018.0,85,204,9.2,0.8,10191.2
54096,20230405121417,3.9,1010.9,11,145,4.8,1.0,10168.0
57251,20230405121417,26.1,1012.2,4,95,6.4,0.1,10197.4
57256,20230405121417,30.0,1012.7,63,20,3.7,0.9,10384.8
57259,20230405121417,22.3,1011.4,49,191,9.4,0.4,10483.7
57265,20230405121417,17.1,1001.4,56,254,9.8,0.9,10172.9
57278,20230405121417,22.1,1016.7,11,318,9.2,0.9,10241.1
57279,20230405121417,34.8,1017.0,96,259,4.4,0.1,10201.9
57355,20230405121417,27.1,1011.0,64,96,12.9,0.4,10378.2
57358,20230405121417,12.2,1016.1,48,12,4.1,0.2,10237.0
57359,20230405121417,24.2,1004.6,51,68,6.1,0.8,10066.9
57363,20230405121417,1.5,1025.3,13,219,13.3,1.5,10023.6
57378,20230405121417,23.5,1009.9,71,54,9.4,1.0,10031.8
57381,20230405121417,12.2,1014.0,50,109,14.8,0.9,10239.9
57395,20230405121417,12.1,1006.8,81,283,12.7,1.4,10251.8
57399,20230405121417,19.1,1004.3,62,71,2.1,0.9,10276.5
57439,20230405121417,14.3,1016.5,62,97,0.6,0.0,10268.3
57445,20230405121417,0.2,1015.0,94,187,12.0,0.2,10396.7
57447,20230405121417,12.2,1011.1,92,82,4.7,1.5,10132.5
57458,20230405121417,26.7,1021.6,21,332,9.9,1.3,10323.5
57461,20230405121417,19.3,1017.9,6,228,4.6,1.5,10124.1
57476,20230405121417,33.2,1001.8,69,8,2.3,0.9,10056.5
57482,20230405121417,16.5,1013.7,17,215,0.1,0.7,10469.8
57483,20230405121417,18.3,1008.6,75,252,8.7,0.2,10158.4
57493,20230405121417,15.1,1006.5,92,200,9.1,0.8,10089.4
57494,20230405121417,25.5,1015.0,10,353,6.8,0.5,10478.7
57545,20230405121417,34.1,1004.2,41,128,4.9,0.9,10464.1
57573,20230405121417,11.0,1013.6,34,158,4.9,0.0,10206.1
57581,20230405121417,3.8,1007.6,59,126,3.8,0.5,10441.3
57583,20230405121417,19.3,1000.8,31,160,11.5,0.3,10369.7
57595,20230405121417,26.6,1018.8,19,139,6.0,0.7,10114.8
58402,20230405121417,29.4,1002.8,77,24,13.4,0.5,10447.4
58407,20230405121417,1.9,1025.6,38,12,8.0,0.4,10098.9
58500,20230405121417,13.1,1010.4,42,172,14.9,0.4,10492.8
57554,20230405121417,8.2,1000.8,39,321,13.4,0.8,10067.4
57562,20230405121417,12.6,1025.2,53,78,3.5,1.2,10392.2
57574,20230405121417,10.2,1011.0,39,256,11.1,1.5,10115.1
57584,20230405121417,14.1,1003.2,84,354,2.7,0.1,10063.4
57642,20230405121417,34.5,1023.6,91,193,1.4,0.8,10033.2
57649,20230405121417,15.4,1023.9,80,27,0.6,1.5,10228.9
57655,20230405121417,19.0,1022.5,81,256,5.0,0.6,10005.4
57662,20230405121417,16.8,1015.5,57,157,12.7,1.2,10404.2
57669,20230405121417,32.3,1000.7,90,75,6.8,1.5,10104.8
57671,20230405121417,32.3,1001.0,28,35,5.1,0.6,10035.9
57673,20230405121417,2.7,1011.2,40,233,9.9,0.8,10106.3
57679,20230405121417,31.2,1012.7,46,85,9.2,0.6,10420.0
57682,20230405121417,29.6,1021.4,46,268,11.3,0.6,10185.8
57687,20230405121417,9.5,1006.0,45,119,2.7,0.3,10422.5
57745,20230405121417,7.8,1018.7,89,248,6.6,0.0,10422.2
57749,20230405121417,23.6,1009.0,16,359,9.4,0.4,10338.4
57752,20230405121417,32.0,1007.9,59,121,6.0,0.7,10461.1
57758,20230405121417,11.0,1012.1,6,68,0.9,0.9,10423.2
57761,20230405121417,2.2,1010.7,83,47,5.1,1.5,10357.7
57766,20230405121417,1.8,1022.6,49,155,0.3,0.3,10208.8
57774,20230405121417,23.6,1021.1,92,88,9.2,0.6,10120.0
57776,20230405121417,26.4,1001.7,44,138,0.1,1.2,10316.5
57779,20230405121417,1.3,1011.6,68,278,12.3,0.9,10359.9
57780,20230405121417,28.5,1002.4,25,193,12.7,1.3,10156.2
57841,20230405121417,22.3,1021.0,89,100,6.8,0.7,10474.0
57845,20230405121417,8.3,1016.3,75,66,14.3,0.5,10106.5
57853,20230405121417,0.9,1012.7,84,236,7.0,1.4,10215.6
57857,20230405121417,13.9,1000.9,77,269,12.8,0.4,10454.6
57860,20230405121417,31.9,1020.0,48,198,6.8,0.3,10351.5
57866,20230405121417,15.1,1004.9,44,117,5.2,1.3,10210.6
57872,20230405121417,32.8,1010.4,61,353,5.3,1.5,10133.0
57874,20230405121417,6.9,1017.1,9,8,10.0,0.8,10103.7
57889,20230405121417,19.9,1019.4,4,86,1.2,0.7,10319.0
57965,20230405121417,21.8,1005.8,48,306,0.9,1.4,10091.4
57972,20230405121417,33.2,1020.7,80,1,14.3,0.3,10010.9
57974,20230405121417,11.9,1020.5,5,33,13.3,0.8,10358.8
50936,20230405121417,1.8,1007.8,83,325,13.5,1.0,10141.8
50945,20230405121417,8.1,1010.1,82,99,13.1,0.8,10410.8
50948,20230405121417,14.1,1016.6,14,255,8.0,0.5,10242.8
50949,20230405121417,1.5,1007.1,72,224,2.1,0.4,10328.2
54041,20230405121417,20.0,1016.9,44,11,14.3,1.0,10258.4
54049,20230405121417,17.9,1021.9,62,357,0.7,1.4,10429.1
54063,20230405121417,14.1,1011.4,6,129,9.5,1.1,10260.5
54064,20230405121417,13.8,1008.9,6,144,10.0,1.2,10315.5
54142,20230405121417,1.2,1022.1,79,320,10.1,1.4,10116.3
54157,20230405121417,24.8,1016.0,82,236,1.6,0.2,10366.6
54161,20230405121417,24.5,1006.8,14,161,6.2,1.4,10383.8
54165,20230405121417,7.5,1017.9,32,348,5.3,0.4,10129.9
54171,20230405121417,20.0,1007.5,73,102,2.3,1.5,10331.2
54181,20230405121417,8.2,1009.0,39,112,2.7,1.5,10282.6
54186,20230405121417,12.7,1018.3,54,66,10.3,1.4,10111.0
54195,20230405121417,19.3,1011.7,75,68,7.6,1.0,10446.9
54260,20230405121417,25.7,1011.4,61,50,11.1,0.8,10011.4
54263,20230405121417,12.9,1018.7,39,319,1.4,0.9,10344.5
54266,20230405121417,29.0,1023.3,85,226,11.2,1.0,10454.7
54273,20230405121417,0.0,1018.8,37,283,4.5,0.6,10027.0
54276,20230405121417,9.0,1003.0,80,228,11.7,0.3,10395.3
54284,20230405121417,14.1,1018.1,23,63,11.5,0.4,10426.3
54285,20230405121417,9.2,1000.6,60,193,9.0,1.1,10412.9
54286,20230405121417,28.4,1022.3,17,131,9.2,0.8,10485.3
54292,20230405121417,11.4,1009.0,71,175,3.5,1.4,10033.1
54363,20230405121417,4.1,1019.8,74,21,12.1,1.5,10190.8
54374,20230405121417,24.7,1024.5,20,321,0.1,0.2,10432.2
54377,20230405121417,6.2,1022.9,59,247,5.9,1.5,10319.1
54386,20230405121417,6.2,1024.2,79,85,14.4,0.0,10459.2
58026,20230405121417,8.1,1018.5,85,84,14.6,0.9,10274.9
58027,20230405121417,32.4,1002.7,15,38,6.7,0.9,10258.2
58038,20230405121417,17.1,1014.6,27,54,9.2,0.8,10374.0
58040,20230405121417,15.2,1020.4,85,287,13.9,0.2,10008.4
58047,20230405121417,34.6,1012.8,13,155,11.3,0.8,10334.6
58130,20230405121417,28.0,1010.3,70,279,1.7,1.5,10316.1
58135,20230405121417,10.8,1010.1,18,286,13.9,0.7,10101.8
58138,20230405121417,32.1,1008.4,35,284,14.1,1.0,10287.0
58141,20230405121417,15.7,1014.3,96,195,4.8,0.8,10313.9
58143,20230405121417,33.5,1009.5,36,83,2.0,0.8,10295.7
58150,20230405121417,5.8,1015.7,92,301,11.3,0.4,10308.2
58158,20230405121417,22.5,1005.5,1,85,3.7,0.2,10450.3
58238,20230405121417,27.4,1012.7,14,240,4.2,1.2,10196.9
58241,20230405121417,33.0,1022.2,11,123,13.3,0.1,10433.7
58251,20230405121417,34.5,1002.7,81,213,9.4,0.0,10153.8
58252,20230405121417,20.8,1021.4,47,233,9.2,1.5,10287.4
58255,20230405121417,1.9,1026.0,20,149,4.4,1.2,10436.5
58259,20230405121417,34.8,1012.0,49,138,11.9,0.3,10428.9
58265,20230405121417,16.5,1010.6,13,338,5.8,1.3,10076.4
58343,20230405121417,9.3,1013.4,18,283,10.5,0.0,10155.7
58345,20230405121417,31.8,1014.3,27,220,0.0,1.0,10269.8
58354,20230405121417,12.3,1004.0,63,183,2.7,0.7,10299.3
58356,20230405121417,24.9,1008.4,49,279,3.0,0.4,10002.7
58358,20230405121417,0.6,1019.0,13,45,7.6,0.2,10204.9
57598,20230405121417,14.3,1004.6,90,281,11.1,0.8,10433.9
57696,20230405121417,18.6,1011.9,4,336,14.4,0.6,10011.0
57789,20230405121417,21.7,1001.3,7,349,0.7,1.0,10209.9
57793,20230405121417,26.9,1001.8,31,50,7.4,0.6,10215.8
57799,20230405121417,27.0,1001.9,90,294,7.2,1.4,10150.6
57894,20230405121417,20.1,1010.8,31,325,6.2,0.5,10323.3
57896,20230405121417,6.0,1016.5,98,169,13.8,0.7,10044.4
57993,20230405121417,17.0,1012.6,23,197,3.0,0.0,10049.0
58506,20230405121417,33.6,1007.2,96,118,12.3,0.8,10271.7
58507,20230405121417,9.4,1026.2,10,221,1.5,1.1,10390.3
58519,20230405121417,31.2,1013.6,33,127,8.2,0.5,10062.7
58527,20230405121417,23.2,1022.0,19,268,9.6,0.0,10133.8
58600,20230405121417,3.3,1025.0,25,342,4.4,0.8,10012.0
58606,20230405121417,20.0,1008.8,87,265,12.7,0.7,10007.0
58608,20230405121417,21.3,1009.8,26,3,6.6,0.9,10170.0
58622,20230405121417,22.3,1011.4,31,211,12.4,0.0,10135.8
58626,20230405121417,5.3,1003.5,97,249,8.7,0.0,10147.1
58634,20230405121417,0.9,1019.9,77,201,5.3,1.4,10321.2
58637,20230405121417,10.3,1013.8,66,37,10.1,0.3,10090.1
58705,20230405121417,21.6,1015.0,63,248,3.9,0.4,10112.5
58715,20230405121417,28.1,1005.9,31,218,13.7,0.2,10096.3
58718,20230405121417,6.8,1001.6,75,168,9.5,0.7,10362.5
58806,20230405121417,22.4,1005.2,80,13,13.1,1.3,10006.8
58813,20230405121417,10.7,1019.3,64,204,4.0,1.3,10167.8
59092,20230405121417,15.6,1011.2,65,39,1.6,0.3,10055.4
59102,20230405121417,7.2,1023.0,29,130,12.6,1.5,10043.9
54236,20230405121417,7.3,1022.6,52,144,7.5,0.6,10428.6
54237,20230405121417,3.6,1006.9,73,25,1.7,0.3,10063.1
54243,20230405121417,20.9,1021.4,75,32,13.6,1.1,10082.8
54254,20230405121417,14.5,1023.3,82,260,6.3,0.5,10001.8
54259,20230405121417,4.7,1004.9,81,336,2.2,1.1,10416.5
54324,20230405121417,12.0,1012.9,3,228,4.3,1.4,10484.0
54326,20230405121417,5.6,1023.1,56,65,2.5,0.5,10300.8
54333,20230405121417,32.8,1024.2,13,149,1.2,0.1,10349.0
54334,20230405121417,30.4,1020.2,73,198,7.3,0.0,10034.3
54335,20230405121417,26.5,1005.3,79,268,5.4,1.2,10207.8
54337,20230405121417,15.5,1021.6,63,164,1.9,0.9,10489.4
54339,20230405121417,33.3,1020.5,11,49,7.5,1.5,10007.3
54342,20230405121417,18.0,1010.0,12,95,12.7,0.7,10103.1
54346,20230405121417,19.0,1000.5,72,41,7.8,0.2,10429.4
54349,20230405121417,33.7,1017.2,10,213,14.1,1.1,10192.0
54351,20230405121417,6.7,1020.2,40,265,9.5,1.4,10279.6
54353,20230405121417,7.5,1017.3,49,39,4.3,0.0,10458.2
54365,20230405121417,21.7,1005.0,61,288,3.7,0.8,10142.2
54452,20230405121417,32.8,1017.4,83,141,6.6,0.3,10144.7
54454,20230405121417,25.3,1003.2,86,150,1.1,0.4,10387.8
54455,20230405121417,19.3,1023.6,47,88,14.9,1.0,10488.4
54470,20230405121417,8.0,1021.9,68,250,10.2,0.3,10099.7
54471,20230405121417,1.3,1002.3,80,277,4.9,0.1,10380.5
54472,20230405121417,14.7,1025.6,94,247,7.3,0.2,10437.0
54476,20230405121417,25.3,1026.0,78,93,3.1,0.7,10283.2
54486,20230405121417,5.6,1020.2,67,350,7.4,0.5,10183.7
54493,20230405121417,5.0,1014.4,3,135,3.0,1.3,10337.9
54497,20230405121417,17.5,1021.1,32,7,5.2,0.4,10350.8
54563,20230405121417,16.6,1002.7,77,165,1.4,0.9,10448.2
54579,20230405121417,7.9,1024.8,33,232,4.6,1.4,10252.3
54584,20230405121417,28.6,1006.8,67,228,5.0,0.0,10471.9
54660,20230405121417,33.8,1016.1,89,9,4.9,1.5,10163.8
54662,20230405121417,22.9,1025.7,37,332,5.6,0.4,10380.9
50425,20230405121417,7.3,1012.3,8,288,4.8,1.2,10489.8
50434,20230405121417,29.0,1016.5,68,198,12.6,0.5,10022.8
50514,20230405121417,28.1,1012.4,83,106,0.5,0.6,10258.8
50527,20230405121417,31.7,1009.3,29,141,4.2,1.2,10303.8
50548,20230405121417,14.7,1007.6,43,11,10.1,1.3,10017.3
50603,20230405121417,10.7,1005.1,45,326,3.2,0.3,10188.0
50618,20230405121417,27.3,1005.4,84,228,9.8,1.3,10258.8
50632,20230405121417,29.7,1019.9,14,353,3.2,1.4,10123.2
50639,20230405121417,2.6,1017.0,20,83,9.1,0.1,10034.2
50727,20230405121417,28.5,1015.0,87,184,0.2,0.6,10314.1
50834,20230405121417,15.8,1003.8,7,206,13.8,0.9,10136.2
50838,20230405121417,1.1,1001.1,33,234,4.5,0.9,10362.0
50915,20230405121417,7.7,1018.6,34,354,5.2,0.0,10248.1
50924,20230405121417,10.2,1011.3,77,80,7.6,1.5,10374.1
52267,20230405121417,9.3,1011.7,27,276,14.1,0.8,10398.0
52495,20230405121417,6.0,1014.4,1,177,3.0,1.2,10436.7
52576,20230405121417,5.6,1001.4,72,347,7.1,0.9,10027.9
53068,20230405121417,26.2,1006.9,44,92,2.5,1.5,10234.7
53083,20230405121417,3.8,1004.6,49,291,13.4,1.0,10238.5
53149,20230405121417,8.7,1009.9,62,28,13.3,0.5,10220.7
53192,20230405121417,12.5,1000.8,42,343,2.4,0.1,10271.7
53195,20230405121417,26.7,1002.0,17,194,8.1,0.3,10024.5
53276,20230405121417,23.8,1014.6,12,49,1.9,0.8,10154.3
53336,20230405121417,8.2,1021.9,88,232,9.5,1.2,10258.9
53352,20230405121417,20.7,1011.1,71,16,5.6,1.1,10274.8
53362,20230405121417,32.7,1019.3,95,108,9.8,0.3,10400.8
53367,20230405121417,5.8,1006.4,3,8,10.7,0.1,10251.5
53391,20230405121417,26.8,1003.8,91,152,11.0,0.2,10392.3
53446,20230405121417,11.2,1011.5,62,156,14.4,0.7,10494.9
53463,20230405121417,32.6,1000.7,76,3,2.5,0.6,10366.1
53480,20230405121417,28.9,1008.5,68,48,10.9,0.5,10197.9
53502,20230405121417,14.2,1010.4,47,156,11.0,0.9,10360.0
53513,20230405121417,16.6,1013.2,50,357,14.9,0.3,10027.4
53529,20230405121417,27.5,1008.9,50,276,14.1,0.9,10088.8
53543,20230405121417,6.8,1014.4,44,283,8.6,0.6,10172.6
53547,20230405121417,5.2,1022.8,100,336,11.8,0.6,10460.5
53602,20230405121417,21.0,1021.5,46,230,5.4,0.6,10057.9
54012,20230405121417,13.7,1005.0,46,69,5.2,0.2,10298.8
54026,20230405121417,5.9,1023.8,25,134,2.4,0.0,10372.1
54027,20230405121417,33.8,1013.0,13,58,1.4,0.0,10099.1
54102,20230405121417,5.8,1017.5,40,14,9.7,0.8,10334.9
54115,20230405121417,31.3,1019.8,44,106,3.6,0.4,10393.7
54134,20230405121417,21.2,1023.2,1,325,11.2,0.9,10259.0
54135,20230405121417,32.9,1010.7,62,359,7.9,0.2,10028.5
54208,20230405121417,24.6,1001.6,85,149,14.8,0.3,10202.0
54213,20230405121417,15.2,1003.9,8,148,8.9,1.5,10430.7
54218,20230405121417,10.4,1019.3,63,197,8.0,0.6,10358.9
54226,20230405121417,5.9,1017.3,56,82,9.0,0.4,10369.0
53519,20230405121417,10.1,1010.2,92,345,12.8,0.7,10422.7
53612,20230405121417,15.7,1002.2,39,93,6.1,1.0,10035.0
53614,20230405121417,6.0,1024.1,81,208,14.6,0.6,10314.5
53615,20230405121417,20.1,1023.8,1,44,5.2,1.5,10494.1
53704,20230405121417,24.5,1013.1,40,4,11.8,1.0,10432.8
53705,20230405121417,10.7,1005.6,78,147,6.3,1.5,10152.6
53723,20230405121417,19.4,1017.5,79,199,1.8,0.2,10115.2
53806,20230405121417,15.6,1024.7,57,294,11.3,0.5,10322.7
53810,20230405121417,26.5,1004.3,77,141,9.6,1.5,10344.6
53817,20230405121417,25.7,1012.2,57,326,1.3,1.3,10453.9
53903,20230405121417,19.5,1001.0,99,207,1.8,0.5,10284.2
53910,20230405121417,0.9,1026.2,98,343,4.2,0.2,10026.9
51886,20230405121417,28.1,1020.0,68,222,3.5,1.5,10049.9
52602,20230405121417,26.4,1021.5,62,159,1.7,0.5,10139.1
52633,20230405121417,4.0,1024.4,11,91,5.7,0.1,10128.9
52645,20230405121417,27.0,1022.0,58,133,7.7,1.5,10494.5
52657,20230405121417,4.8,1015.3,19,266,3.0,1.0,10022.2
52707,20230405121417,7.4,1023.8,37,167,9.8,0.1,10463.1
52713,20230405121417,17.0,1005.9,64,310,7.3,0.2,10155.1
52737,20230405121417,13.9,1002.5,85,317,2.7,1.4,10459.5
52754,20230405121417,31.1,1011.1,93,36,1.6,0.2,10048.6
52765,20230405121417,4.3,1020.8,8,81,3.4,0.3,10428.8
52818,20230405121417,10.9,1001.4,60,352,11.3,1.1,10481.5
52825,20230405121417,22.1,1010.9,68,61,13.6,1.2,10471.1
52833,20230405121417,34.3,1023.8,3,319,10.1,0.6,10460.7
52836,20230405121417,29.4,1011.1,3,155,0.5,0.9,10110.7
52842,20230405121417,31.2,1005.4,90,185,4.8,0.5,10443.4
52856,20230405121417,24.1,1025.4,84,273,2.5,0.7,10483.8
52866,20230405121417,2.6,1012.2,6,54,10.7,1.5,10316.7
52868,20230405121417,34.6,1010.5,94,17,1.4,0.3,10101.5
52876,20230405121417,2.2,1011.8,21,350,1.4,1.4,10100.3
52908,20230405121417,30.8,1023.3,66,268,3.7,0.0,10090.2
52943,20230405121417,7.8,1020.3,61,5,1.0,1.3,10394.2
52955,20230405121417,32.7,1009.7,97,347,13.4,0.1,10131.2
52974,20230405121417,8.2,1007.3,97,219,14.6,0.1,10434.1
56004,20230405121417,3.7,1019.9,70,65,14.2,1.0,10202.0
56018,20230405121417,15.9,1026.1,40,165,9.0,1.5,10435.0
56021,20230405121417,8.6,1022.6,26,52,4.5,1.3,10367.8
56029,20230405121417,31.8,1022.5,5,20,5.5,1.2,10196.9
56033,20230405121417,4.0,1023.1,86,84,0.0,1.0,10221.4
56034,20230405121417,17.5,1007.7,48,35,2.9,1.4,10187.4
56043,20230405121417,0.6,1017.0,95,173,5.1,1.5,10213.3
56046,20230405121417,26.8,1017.3,98,359,5.8,0.5,10252.2
56065,20230405121417,23.0,1011.5,16,187,2.7,1.3,10256.8
56067,20230405121417,25.9,1023.9,26,154,10.4,0.0,10176.7
56125,20230405121417,9.8,1014.0,23,356,9.7,0.0,10422.3
56151,20230405121417,22.2,1017.3,28,200,3.1,1.2,10146.8
54715,20230405121417,8.4,1017.9,43,96,13.6,1.4,10384.9
54725,20230405121417,4.7,1022.8,61,325,12.2,0.9,10124.1
54727,20230405121417,7.6,1006.2,21,201,12.2,1.0,10366.6
54744,20230405121417,34.3,1017.6,52,241,5.1,1.0,10424.8
54751,20230405121417,31.9,1004.1,53,185,13.5,1.0,10000.2
54753,20230405121417,17.3,1014.1,58,59,11.9,0.1,10221.2
54764,20230405121417,24.0,1002.2,8,100,1.9,0.3,10303.6
54774,20230405121417,29.1,1024.2,4,353,13.5,0.2,10412.0
54776,20230405121417,16.8,1018.9,60,260,14.0,0.3,10215.2
54808,20230405121417,2.1,1005.5,79,283,11.8,1.2,10152.7
54823,20230405121417,18.1,1019.7,79,232,6.4,0.5,10150.0
54826,20230405121417,28.7,1008.9,39,307,13.8,0.6,10256.0
54836,20230405121417,31.8,1012.6,80,331,8.1,0.2,10472.6
54842,20230405121417,25.2,1021.2,81,353,6.4,0.3,10123.0
54843,20230405121417,2.9,1025.4,99,300,0.8,0.8,10424.1
54857,20230405121417,26.2,1019.0,10,178,12.9,1.1,10296.7
54863,20230405121417,10.9,1018.6,31,83,14.0,0.1,10145.7
54909,20230405121417,13.1,1017.9,91,246,0.1,1.1,10355.4
54916,20230405121417,13.8,1025.9,56,240,13.3,1.3,10368.5
54929,20230405121417,20.5,1016.5,30,206,5.0,1.0,10093.8
54936,20230405121417,19.3,1012.9,15,12,3.1,0.8,10379.4
54945,20230405121417,14.4,1010.0,55,264,10.7,1.3,10271.9
58034,20230405121417,5.2,1013.0,43,308,0.6,0.9,10291.2
53478,20230405121417,33.1,1023.2,53,84,4.2,0.9,10183.3
53487,20230405121417,6.3,1018.1,81,47,6.3,1.0,10456.8
53490,20230405121417,30.1,1000.8,27,137,5.0,0.9,10306.3
53564,20230405121417,10.9,1022.0,56,288,10.0,0.5,10385.7
53578,20230405121417,8.8,1017.9,77,327,10.8,0.8,10376.2
53579,20230405121417,20.1,1013.9,35,145,3.7,1.0,10476.4
53588,20230405121417,13.6,1025.8,52,246,0.6,1.4,10084.0
53594,20230405121417,3.3,1022.1,29,206,14.1,0.8,10023.9
53663,20230405121417,20.6,1018.5,83,31,3.6,0.2,10285.8
53664,20230405121417,10.8,1007.0,82,317,5.4,0.8,10296.1
53673,20230405121417,27.5,1010.9,68,184,14.9,0.2,10439.4
53687,20230405121417,8.6,1006.0,7,316,11.3,1.5,10466.8
53764,20230405121417,25.8,1016.1,69,239,5.8,0.2,10478.3
53772,20230405121417,31.4,1002.2,53,51,5.4,1.4,10294.6
53775,20230405121417,18.8,1011.4,84,13,14.0,1.4,10095.9
53787,20230405121417,11.9,1011.7,41,167,2.5,1.1,10154.2
53853,20230405121417,12.6,1015.9,98,205,0.7,0.5,10013.3
53859,20230405121417,17.0,1015.4,100,302,3.1,1.5,10198.4
53863,20230405121417,20.3,1023.4,47,157,4.5,0.1,10171.0
53868,20230405121417,11.5,1007.3,52,340,10.8,1.2,10118.2
53877,20230405121417,18.1,1012.6,44,233,7.5,0.4,10163.5
53882,20230405121417,24.2,1020.8,68,311,7.7,1.4,10023.1
53884,20230405121417,23.9,1006.6,25,359,6.3,1.0,10153.9
53959,20230405121417,33.7,1001.9,51,218,8.7,1.3,10303.9
53963,20230405121417,25.9,1004.0,59,260,13.8,0.1,10289.5
53968,20230405121417,1.3,1017.0,25,219,5.5,1.5,10109.9
53975,20230405121417,10.4,1004.3,70,46,3.7,0.1,10097.9
57052,20230405121417,18.4,1014.0,94,132,6.9,1.5,10231.4
53646,20230405121417,30.2,1023.8,42,246,9.6,0.7,10344.2
53651,20230405121417,1.5,1007.6,46,72,0.2,1.3,10290.1
53725,20230405121417,19.3,1012.7,7,54,8.0,1.5,10041.9
53735,20230405121417,11.7,1024.0,90,299,3.6,0.2,10133.2
53738,20230405121417,22.0,1010.9,96,126,3.0,0.4,10002.3
53740,20230405121417,3.4,1010.7,17,74,14.8,0.1,10175.1
53754,20230405121417,10.6,1013.4,71,192,5.3,0.4,10423.3
53845,20230405121417,27.5,1024.4,52,3,2.4,1.2,10439.5
53854,20230405121417,3.9,1005.0,8,188,10.6,0.6,10042.6
53929,20230405121417,27.8,1025.2,64,186,8.4,1.5,10418.2
53942,20230405121417,34.1,1016.2,48,157,2.9,1.3,10322.9
53948,20230405121417,33.8,1024.1,9,208,10.0,0.7,10469.2
53955,20230405121417,11.5,1004.4,48,27,7.6,1.0,10185.7
57003,20230405121417,0.6,1021.8,46,273,10.0,0.9,10213.7
57025,20230405121417,25.4,1005.0,74,260,8.5,0.0,10096.6
57028,20230405121417,22.2,1004.2,60,90,13.8,0.3,10053.0
57030,20230405121417,7.1,1010.6,96,256,12.7,0.2,10214.6
57034,20230405121417,4.5,1020.3,63,139,0.6,0.4,10435.1
57037,20230405121417,13.1,1007.9,5,95,5.9,0.9,10187.1
57046,20230405121417,21.6,1012.5,78,310,4.2,0.4,10492.5
57048,20230405121417,3.0,1001.8,33,342,8.1,1.1,10271.9
57049,20230405121417,29.8,1005.1,43,262,11.9,0.4,10230.7
57106,20230405121417,7.5,1005.4,67,267,13.5,1.4,10054.6
57124,20230405121417,33.9,1010.0,51,121,5.0,0.3,10265.2
57127,20230405121417,10.7,1023.5,66,234,1.8,0.5,10021.3
57131,20230405121417,33.3,1020.3,35,270,9.9,0.8,10263.5
57134,20230405121417,5.1,1014.0,27,259,10.1,0.4,10496.3
57140,20230405121417,6.3,1020.1,22,94,11.6,0.0,10271.4
57143,20230405121417,13.0,1005.1,80,318,11.7,0.8,10327.0
57144,20230405121417,26.8,1012.5,81,249,12.5,0.7,10034.5
57154,20230405121417,24.2,1004.3,24,336,3.0,0.1,10430.1
57211,20230405121417,3.7,1014.0,87,53,1.4,1.1,10019.8
57232,20230405121417,21.5,1010.6,35,319,13.5,0.2,10455.0
57238,20230405121417,31.3,1013.9,95,131,6.0,0.6,10377.7
57245,20230405121417,26.1,1001.6,32,304,3.7,0.7,10231.1
57343,20230405121417,27.7,1000.8,61,123,0.6,1.4,10224.3
58362,20230405121417,11.6,1012.3,36,232,8.5,1.4,10196.5
56038,20230405121417,24.7,1024.3,14,254,0.2,1.1,10293.6
56079,20230405121417,24.0,1004.8,51,232,2.7,0.1,10422.3
56144,20230405121417,26.5,1022.5,29,333,9.9,0.4,10359.5
56146,20230405121417,17.7,1000.4,14,237,14.0,0.5,10162.1
56152,20230405121417,34.9,1018.8,86,189,1.1,0.2,10390.5
56167,20230405121417,6.1,1003.9,93,120,4.4,0.2,10391.0
56172,20230405121417,6.2,1003.8,1,345,11.8,0.8,10137.9
56173,20230405121417,13.3,1001.1,9,164,10.5,0.9,10487.4
56178,20230405121417,33.6,1017.9,84,244,9.7,0.4,10242.2
56182,20230405121417,22.3,1008.8,49,114,2.7,0.9,10023.5
56187,20230405121417,33.5,1019.0,91,135,11.5,1.0,10021.9
56188,20230405121417,28.2,1013.2,52,233,4.3,0.7,10498.2
56196,20230405121417,0.6,1006.0,32,18,11.1,0.6,10437.0
56247,20230405121417,4.2,1009.4,49,301,5.2,1.3,10229.1
56251,20230405121417,13.4,1016.5,54,173,12.7,0.3,10395.7
56257,20230405121417,10.2,1002.0,81,229,6.0,0.4,10278.4
56287,20230405121417,33.4,1020.2,13,214,13.4,0.4,10394.5
56357,20230405121417,4.2,1008.5,29,237,14.5,0.8,10185.5
56374,20230405121417,28.7,1014.0,27,89,1.5,0.3,10484.7
56385,20230405121417,6.8,1015.5,35,206,1.2,1.4,10255.6
56386,20230405121417,6.6,1021.7,50,228,5.0,1.4,10315.4
56459,20230405121417,25.0,1019.3,88,182,6.8,1.1,10207.5
56462,20230405121417,9.0,1006.1,71,223,12.1,0.0,10484.6
56475,20230405121417,4.8,1000.9,79,242,10.6,0.0,10382.1
56479,20230405121417,6.3,1009.7,36,235,8.5,1.2,10457.6
56485,20230405121417,10.8,1009.0,7,41,5.8,0.5,10230.6
56492,20230405121417,3.5,1013.0,96,242,6.3,0.9,10498.4
56565,20230405121417,7.3,1000.0,2,283,4.7,1.5,10036.1
56571,20230405121417,4.6,1019.5,78,278,12.8,0.0,10198.1
56666,20230405121417,30.7,1015.6,98,62,5.1,1.1,10131.2
56671,20230405121417,9.6,1017.3,80,221,1.8,1.1,10075.2
57206,20230405121417,22.6,1011.9,94,317,1.2,1.0,10310.7
57237,20230405121417,3.8,1013.1,3,226,2.3,0.4,10030.1
57306,20230405121417,22.0,1000.4,72,86,4.7,0.4,10340.6
57313,20230405121417,10.9,1005.1,45,133,2.9,0.3,10029.2
57314,20230405121417,34.2,1019.5,42,314,4.5,1.0,10477.8
57328,20230405121417,17.1,1021.1,97,108,5.9,0.7,10131.0
57405,20230405121417,1.6,1025.6,32,136,2.7,1.0,10438.3
57411,20230405121417,3.9,1007.0,24,346,5.1,0.7,10276.3
57503,20230405121417,26.1,1016.2,98,43,9.3,0.2,10409.5
57604,20230405121417,9.1,1018.2,21,37,6.0,0.5,10375.2
57608,20230405121417,24.2,1017.0,4,193,10.3,1.5,10369.5
54525,20230405121417,17.8,1009.6,45,287,6.6,1.1,10345.7
54527,20230405121417,32.5,1025.1,29,143,8.0,0.9,10116.4
54623,20230405121417,12.0,1006.1,56,265,4.5,0.4,10002.7
55228,20230405121417,31.5,1021.4,32,44,2.1,1.5,10295.2
55248,20230405121417,0.1,1014.9,20,186,6.7,1.5,10438.0
55279,20230405121417,4.8,1019.2,52,175,2.0,0.4,10077.2
55294,20230405121417,29.8,1008.2,98,86,2.5,0.1,10367.3
55299,20230405121417,16.0,1021.5,59,205,3.4,0.5,10054.1
55437,20230405121417,2.8,1025.3,32,119,10.2,1.4,10078.3
55472,20230405121417,10.2,1009.0,52,258,9.9,0.7,10200.2
55493,20230405121417,1.7,1016.0,25,331,4.2,1.0,10005.4
55569,20230405121417,9.2,1020.6,94,340,6.6,0.7,10384.3
55578,20230405121417,17.5,1009.2,20,57,7.3,1.0,10116.3
55585,20230405121417,27.1,1019.4,74,29,6.9,1.3,10334.4
55591,20230405121417,24.6,1014.7,22,279,6.9,0.9,10400.1
55598,20230405121417,1.8,1025.1,9,81,5.2,1.3,10343.4
55655,20230405121417,6.2,1024.4,41,300,14.9,1.1,10446.7
55664,20230405121417,18.0,1000.7,66,269,11.6,1.5,10240.8
55680,20230405121417,13.3,1007.0,7,8,0.2,0.3,10093.9
55681,20230405121417,25.8,1024.2,60,294,10.0,1.5,10370.7
55690,20230405121417,26.5,1026.3,43,165,7.7,1.4,10290.9
55696,20230405121417,16.0,1006.3,28,140,0.5,0.5,10217.1
55773,20230405121417,19.2,1026.1,50,314,0.6,0.7,10254.8
56106,20230405121417,3.3,1012.7,71,183,11.6,1.3,10184.9
56116,20230405121417,17.2,1019.4,38,255,7.2,0.3,10058.6
56137,20230405121417,2.4,1008.3,52,158,10.7,0.6,10257.8
56202,20230405121417,5.0,1000.3,81,240,0.9,0.9,10344.9
56223,20230405121417,24.6,1005.9,78,135,2.6,1.5,10017.8
56227,20230405121417,24.5,1005.9,81,12,8.0,0.9,10076.4
56312,20230405121417,24.2,1019.1,42,255,6.4,0.8,10102.5
56331,20230405121417,9.0,1023.2,65,148,4.6,1.2,10235.3
56434,20230405121417,6.5,1005.6,36,33,6.5,0.4,10150.7
51053,20230405121417,27.5,1023.3,12,239,9.2,1.1,10075.5
51059,20230405121417,25.0,1005.2,92,166,1.3,0.0,10068.6
51060,20230405121417,13.0,1016.0,68,353,0.3,1.1,10001.2
51068,20230405121417,33.5,1022.0,23,58,5.6,0.1,10031.4
51076,20230405121417,10.7,1009.6,85,128,3.4,0.3,10148.6
51087,20230405121417,6.7,1007.3,11,171,0.2,1.0,10070.5
51133,20230405121417,33.4,1024.5,65,228,12.1,1.1,10401.9
51156,20230405121417,17.6,1016.4,44,59,14.9,0.5,10428.7
51186,20230405121417,14.9,1008.4,74,2,4.5,0.5,10141.7
51232,20230405121417,19.4,1014.4,10,340,9.4,1.1,10279.6
51238,20230405121417,26.4,1012.8,47,164,11.6,0.2,10108.8
51241,20230405121417,7.2,1018.5,15,165,11.4,0.9,10258.8
51243,20230405121417,30.8,1024.1,34,32,0.2,0.6,10073.3
51288,20230405121417,19.5,1020.5,57,290,11.9,0.5,10392.3
51330,20230405121417,23.2,1025.0,8,2,11.0,0.1,10039.2
51334,20230405121417,23.2,1014.0,92,185,1.0,1.3,10131.3
51346,20230405121417,24.3,1003.3,75,72,14.6,1.2,10273.3
51358,20230405121417,23.2,1024.6,72,247,13.2,0.8,10174.4
51365,20230405121417,1.5,1016.3,73,291,12.8,0.7,10445.5
51367,20230405121417,10.2,1009.9,64,307,5.1,1.0,10479.3
51379,20230405121417,4.8,1017.3,16,201,8.3,1.0,10427.2
51431,20230405121417,11.5,1007.7,51,257,12.0,1.4,10378.4
51433,20230405121417,2.8,1001.0,59,8,9.5,0.2,10411.8
51437,20230405121417,11.3,1008.4,65,87,10.0,1.1,10210.4
51463,20230405121417,31.1,1019.1,72,26,0.1,0.3,10071.6
51467,20230405121417,13.6,1007.6,93,44,8.5,0.7,10289.5
51469,20230405121417,27.7,1020.4,71,322,12.1,0.0,10150.1
51470,20230405121417,6.0,1004.6,2,72,2.7,1.3,10195.3
51477,20230405121417,0.1,1006.3,47,69,13.4,0.1,10099.9
51495,20230405121417,17.0,1000.1,7,63,8.9,0.7,10336.9
51526,20230405121417,34.0,1024.6,34,184,11.5,0.0,10215.3
51542,20230405121417,29.3,1006.1,69,324,9.9,0.9,10047.8
51567,20230405121417,24.9,1024.5,9,96,3.8,1.4,10192.9
51573,20230405121417,25.5,1011.9,86,353,3.2,0.7,10483.6
51581,20230405121417,23.6,1018.2,80,250,13.8,1.3,10278.9
51628,20230405121417,16.4,1016.6,81,293,10.9,0.8,10108.6
51633,20230405121417,5.9,1010.1,96,65,1.1,1.1,10379.8
51639,20230405121417,18.3,1013.0,80,267,8.4,0.4,10086.1
51642,20230405121417,32.6,1021.2,33,20,5.0,1.5,10247.6
51644,20230405121417,25.8,1020.6,78,358,9.9,0.6,10348.9
51655,20230405121417,24.8,1012.0,90,208,13.4,0.4,10031.0
51656,20230405121417,21.5,1024.2,100,29,5.4,1.0,10357.9
51701,20230405121417,13.3,1024.1,21,178,10.5,0.8,10351.7
51704,20230405121417,1.1,1001.6,43,178,14.2,1.5,10184.4
51705,20230405121417,21.8,1007.1,88,293,14.2,0.1,10247.8
51709,20230405121417,31.5,1006.2,79,195,5.9,0.1,10421.5
51711,20230405121417,10.2,1002.6,54,235,5.7,0.6,10235.8
51716,20230405121417,22.0,1012.8,66,310,4.4,0.3,10025.2
51720,20230405121417,5.3,1013.0,17,233,1.2,0.4,10231.4
51730,20230405121417,20.3,1006.0,60,32,5.4,0.1,10323.3
51747,20230405121417,23.2,1009.9,85,271,3.0,1.4,10322.2
51765,20230405121417,22.7,1025.1,54,355,9.4,0.6,10299.4
51777,20230405121417,9.2,1024.7,99,332,10.7,0.2,10280.3
51804,20230405121417,9.2,1020.7,52,295,0.9,0.6,10138.7
51810,20230405121417,14.8,1001.6,20,110,12.0,1.5,10406.8
51811,20230405121417,29.6,1018.5,1,73,11.1,0.1,10219.6
51818,20230405121417,17.1,1014.3,78,261,0.0,1.5,10287.0
51828,20230405121417,24.4,1004.4,99,39,1.8,0.9,10234.3
51839,20230405121417,18.4,1016.3,19,114,11.4,0.9,10404.4
51855,20230405121417,11.9,1002.0,38,10,4.2,1.4,10164.4
51931,20230405121417,16.6,1017.0,88,164,1.9,0.4,10028.4
52101,20230405121417,23.5,1008.9,51,299,13.8,0.8,10077.8
52112,20230405121417,20.1,1005.6,71,266,1.4,0.0,10315.6
52118,20230405121417,30.8,1005.0,9,47,2.7,0.2,10262.8
52203,20230405121417,7.2,1006.3,45,65,8.3,0.3,10052.1
52313,20230405121417,14.1,1015.8,7,294,14.2,0.0,10289.1
56444,20230405121417,5.3,1007.6,17,0,5.7,0.6,10317.8
56533,20230405121417,34.4,1021.9,12,192,0.9,1.2,10135.8
56543,20230405121417,0.4,1023.8,30,29,0.6,0.5,10340.1
56548,20230405121417,5.4,1004.2,77,124,5.7,0.3,10105.2
56586,20230405121417,9.7,1000.3,76,103,5.2,0.8,10455.5
56643,20230405121417,9.4,1012.5,3,23,0.9,0.2,10396.0
56651,20230405121417,30.7,1009.9,59,210,10.4,1.5,10270.6
56664,20230405121417,17.9,1026.0,8,303,7.2,0.3,10428.6
56684,20230405121417,30.9,1004.2,70,260,1.6,0.1,10291.0
56739,20230405121417,11.3,1014.7,87,259,11.9,1.3,10154.2
56748,20230405121417,17.8,1015.0,50,251,9.1,0.0,10078.0
56751,20230405121417,17.7,1009.7,35,147,6.4,1.3,10322.3
56763,20230405121417,32.5,1005.8,63,137,5.1,0.3,10368.3
56768,20230405121417,3.1,1013.1,65,7,1.5,0.3,10150.8
56778,20230405121417,33.1,1023.9,82,338,5.1,0.6,10340.7
56786,20230405121417,4.7,1014.7,84,269,4.2,0.9,10126.9
56838,20230405121417,0.7,1019.5,63,205,4.1,0.8,10421.2
56856,20230405121417,19.4,1005.8,65,151,8.6,0.4,10290.3
56872,20230405121417,30.9,1024.1,17,251,7.5,0.5,10247.6
56875,20230405121417,12.1,1002.5,31,42,2.2,1.4,10128.7
56886,20230405121417,19.6,1019.2,64,283,10.0,0.2,10263.6
56946,20230405121417,6.9,1012.5,31,83,0.8,1.0,10366.0
56950,20230405121417,16.7,1023.5,45,69,0.8,0.0,10248.4
56951,20230405121417,17.5,1022.0,2,44,9.2,0.7,10322.3
56954,20230405121417,34.6,1025.1,3,253,8.9,1.4,10397.4
56959,20230405121417,9.0,1010.7,25,240,14.4,1.4,10437.0
56964,20230405121417,15.7,1022.3,10,0,13.0,1.3,10181.6
56966,20230405121417,7.2,1011.8,94,236,2.5,0.2,10298.5
56969,20230405121417,19.5,1007.4,33,74,3.1,0.6,10095.4
56977,20230405121417,32.2,1002.0,24,151,9.4,0.7,10268.0
56985,20230405121417,15.2,1016.8,55,264,0.8,1.5,10164.8
56986,20230405121417,16.2,1000.8,50,269,8.1,1.0,10268.4
56991,20230405121417,0.8,1005.5,51,66,7.1,1.0,10044.0
59007,20230405121417,0.1,1024.2,28,296,1.7,1.0,10230.1
58448,20230405121417,29.3,1025.9,79,193,0.5,0.8,10376.4
58450,20230405121417,27.2,1017.9,46,316,6.7,0.6,10442.0
58457,20230405121417,7.8,1017.0,95,210,8.0,0.5,10034.5
58464,20230405121417,21.1,1015.2,50,238,14.4,1.2,10060.3
58467,20230405121417,34.6,1022.6,23,288,8.2,1.2,10432.8
58472,20230405121417,9.0,1007.2,83,325,8.8,0.3,10317.3
58477,20230405121417,21.4,1010.0,99,229,1.5,0.4,10237.2
58543,20230405121417,25.5,1017.9,60,230,1.7,1.2,10431.1
58549,20230405121417,17.0,1008.7,44,127,11.8,0.1,10252.2
58553,20230405121417,26.9,1025.4,41,160,5.8,1.0,10474.5
58556,20230405121417,21.3,1024.0,59,175,3.0,0.0,10494.7
58557,20230405121417,4.6,1001.7,88,4,4.2,0.6,10019.0
58562,20230405121417,20.3,1024.7,56,272,9.6,1.0,10024.8
58569,20230405121417,16.4,1010.5,60,188,8.5,0.8,10260.1
58633,20230405121417,17.6,1012.1,6,162,3.2,0.7,10271.3
58646,20230405121417,0.9,1011.8,66,54,2.6,0.8,10386.2
58652,20230405121417,33.5,1016.3,6,329,1.2,1.3,10162.4
58665,20230405121417,3.6,1000.1,54,306,7.7,0.1,10046.7
58666,20230405121417,8.2,1006.2,4,319,4.5,0.4,10492.2
58667,20230405121417,22.7,1025.1,100,154,5.1,0.1,10242.2
58742,20230405121417,20.0,1016.4,19,137,2.4,0.8,10262.0
58752,20230405121417,33.0,1009.4,81,256,10.0,1.3,10269.5
58760,20230405121417,1.9,1001.5,18,83,11.7,1.2,10426.1
57348,20230405121417,15.2,1016.7,58,262,6.0,0.0,10062.1
57426,20230405121417,16.0,1006.5,49,151,4.5,1.1,10292.4
57432,20230405121417,12.7,1017.5,20,278,8.4,1.5,10072.0
57502,20230405121417,5.8,1025.7,30,76,13.7,1.0,10452.1
57512,20230405121417,33.7,1008.5,15,102,5.2,0.7,10203.3
57516,20230405121417,6.0,1018.2,58,299,0.7,1.3,10045.3
57517,20230405121417,28.1,1012.9,64,256,1.9,1.5,10375.6
57520,20230405121417,15.4,1005.2,41,40,7.1,0.5,10169.7
57523,20230405121417,0.9,1019.7,68,58,3.7,1.4,10348.5
57536,20230405121417,19.0,1016.7,61,239,3.9,0.9,10091.0
57612,20230405121417,28.4,1001.0,61,331,0.1,0.0,10420.5
57633,20230405121417,21.9,1013.2,14,326,9.1,0.6,10139.0
